env.frame$otu
4365618
4450334
817600
337205
750679
792011
519028
580957
557211
557216
570731
213080
719841
3887094
786454
594293
2807724
237131
811685
818655
717140
805279
1106925
334435
621743
4461079
320467
254954
4464567
518971
247055
591305
833257
126508
341734
826758
545618
909231
1843330
651165
348411
1706096
361177
581953
3731193
590291
533809
167808
570415
141617
756606
4396128
4321782
2167709
152632
575190
316871
244247
1104845
536971
582330
4475224
362891
774258
730193
146137
4462887
726031
592269
336577
156126
265051
770526
4391593
544745
795842
3390990
147786
538884
551733
337853
568472
1111247
671457
2794420
562993
334143
2338946
336977
591430
816184
734330
153651
4362502
4350512
