host.frame$otu
565182
109273
279524
1141473
261043
760372
103241
286079
570256
575370
644295
1065817
513711
737652
244006
553072
114335
1107711
800306
3950304
806033
279220
1107691
4363469
93747
575734
190209
948242
543724
625028
4392246
809775
714004
567703
277566
680205
569481
2205004
159856
4468959
560027
578719
304550
171401
833692
137834
4345840
100901
136017
165871
3208272
1106939
278352
1146213
240658
539184
1110773
554437
169282
734615
653071
3192521
573260
307138
723443
698982
1108100
159759
241977
673556
754294
823251
264589
586050
82215
769319
7606
3097224
1030543
580063
160928
189344
99878
800415
