env.frame$otu
4365618
4450334
817600
4436883
554911
544402
560245
750679
792011
580957
345757
557211
557216
570731
213080
719841
3887094
522242
594293
2807724
237131
811685
818655
717140
805279
1106925
541666
334435
621743
254954
4464567
369261
341734
826758
1108345
545618
810986
909231
1843330
1110256
1706096
1113689
554796
4418161
361177
581953
3731193
153256
533809
570415
182038
141617
574165
4396128
583863
4321782
152632
575190
316871
271404
244247
1104845
582330
362891
774258
730193
4462887
592269
556130
336577
156126
265051
770526
289889
824640
4391593
544745
795842
3390990
1011088
538884
576229
551733
932645
195783
337853
568472
1111247
671457
547997
2794420
704835
562993
549550
2338946
336977
207908
816184
535743
590476
779927
2618267
153651
4350512
